     iters     edges     input      keys

         1       256       256       768
         2       512       746      1470
         3       768      1470      2172
         4      1024      2428      2874
         5      1280      3620      3576
         6      1536      5046      4278
         7      1792      6706      4980
         8      2048      8600      5682
         9      2304     10728      6384
        10      2560     13090      7086
        11      2816     15686      7788
        12      3072     18516      8490
        13      3328     21580      9192
        14      3584     24878      9894
        15      3840     28410     10596
        16      4096     32176     11298
        17      4352     36176     12000
        18      4608     40410     12702
        19      4864     44878     13404
        20      5120     49580     14106
        21      5376     54516     14808
        22      5632     59686     15510
        23      5888     65090     16212
        24      6144     70728     16914
        25      6400     76600     17616
        26      6656     82706     18318
        27      6912     89046     19020
        28      7168     95620     19722
        29      7424    102428     20424
        30      7680    109470     21126
        31      7936    116746     21828
        32      8192    124256     22530
        33      8448    132000     23232
        34      8704    139978     23934
        35      8960    148190     24636
        36      9216    156636     25338
        37      9472    165316     26040
        38      9728    174230     26742
        39      9984    183378     27444
        40     10240    192760     28146
        41     10496    202376     28848
        42     10752    212226     29550
        43     11008    222310     30252
        44     11264    232628     30954
        45     11520    243180     31656
        46     11776    253966     32358
        47     12032    264986     33060
        48     12288    276240     33762
        49     12544    287728     34464
        50     12800    299450     35166
        51     13056    311406     35868
        52     13312    323596     36570
        53     13568    336020     37272
        54     13824    348678     37974
        55     14080    361570     38676
        56     14336    374696     39378
        57     14592    388056     40080
        58     14848    401650     40782
        59     15104    415478     41484
        60     15360    429540     42186
        61     15616    443836     42888
        62     15872    458366     43590
        63     16128    473130     44292
        64     16384    488128     44994
        65     16640    503360     45696
        66     16896    518826     46398
        67     17152    534526     47100
        68     17408    550460     47802
        69     17664    566628     48504
        70     17920    583030     49206
        71     18176    599666     49908
        72     18432    616536     50610
        73     18688    633640     51312
        74     18944    650978     52014
        75     19200    668550     52716
        76     19456    686356     53418
        77     19712    704396     54120
        78     19968    722670     54822
        79     20224    741178     55524
        80     20480    759920     56226
        81     20736    778896     56928
        82     20992    798106     57630
        83     21248    817550     58332
        84     21504    837228     59034
        85     21760    857140     59736
        86     22016    877286     60438
        87     22272    897666     61140
        88     22528    918280     61842
        89     22784    939128     62544
        90     23040    960210     63246
        91     23296    981526     63948
        92     23552   1003076     64650
        93     23808   1024860     65352
        94     24064   1046878     66054
        95     24320   1069130     66756
        96     24576   1091616     67458
        97     24832   1114336     68160
        98     25088   1137290     68862
        99     25344   1160478     69564
       100     25600   1183900     70266
       101     25856   1207556     70968
       102     26112   1231446     71670
       103     26368   1255570     72372
       104     26624   1279928     73074
       105     26880   1304520     73776
       106     27136   1329346     74478
       107     27392   1354406     75180
       108     27648   1379700     75882
       109     27904   1405228     76584
       110     28160   1430990     77286
       111     28416   1456986     77988
       112     28672   1483216     78690
       113     28928   1509680     79392
       114     29184   1536378     80094
       115     29440   1563310     80796
       116     29696   1590476     81498
       117     29952   1617876     82200
       118     30208   1645510     82902
       119     30464   1673378     83604
       120     30720   1701480     84306
       121     30976   1729816     85008
       122     31232   1758386     85710
       123     31488   1787190     86412
       124     31744   1816228     87114
       125     32000   1845500     87816
       126     32256   1875006     88518
       127     32512   1904746     89220
       128     32768   1934720     89922
       129     33024   1964928     90624
       130     33280   1995370     91326
       131     33536   2026046     92028
       132     33792   2056956     92730
       133     34048   2088100     93432
       134     34304   2119478     94134
       135     34560   2151090     94836
       136     34816   2182936     95538
       137     35072   2215016     96240
       138     35328   2247330     96942
       139     35584   2279878     97644
       140     35840   2312660     98346
       141     36096   2345676     99048
       142     36352   2378926     99750
       143     36608   2412410    100452
       144     36864   2446128    101154
       145     37120   2480080    101856
       146     37376   2514266    102558
       147     37632   2548686    103260
       148     37888   2583340    103962
       149     38144   2618228    104664
       150     38400   2653350    105366
       151     38656   2688706    106068
       152     38912   2724296    106770
       153     39168   2760120    107472
       154     39424   2796178    108174
       155     39680   2832470    108876
       156     39936   2868996    109578
       157     40192   2905756    110280
       158     40448   2942750    110982
       159     40704   2979978    111684
       160     40960   3017440    112386
       161     41216   3055136    113088
       162     41472   3093066    113790
       163     41728   3131230    114492
       164     41984   3169628    115194
       165     42240   3208260    115896
       166     42496   3247126    116598
       167     42752   3286226    117300
       168     43008   3325560    118002
       169     43264   3365128    118704
       170     43520   3404930    119406
       171     43776   3444966    120108
       172     44032   3485236    120810
       173     44288   3525740    121512
       174     44544   3566478    122214
       175     44800   3607450    122916
       176     45056   3648656    123618
       177     45312   3690096    124320
       178     45568   3731770    125022
       179     45824   3773678    125724
       180     46080   3815820    126426
       181     46336   3858196    127128
       182     46592   3900806    127830
       183     46848   3943650    128532
       184     47104   3986728    129234
       185     47360   4030040    129936
       186     47616   4073586    130638
       187     47872   4117366    131340
       188     48128   4161380    132042
       189     48384   4205628    132744
       190     48640   4250110    133446
       191     48896   4294826    134148
       192     49152   4339776    134850
       193     49408   4384960    135552
       194     49664   4430378    136254
       195     49920   4476030    136956
       196     50176   4521916    137658
       197     50432   4568036    138360
       198     50688   4614390    139062
       199     50944   4660978    139764
       200     51200   4707800    140466
       201     51456   4754856    141168
       202     51712   4802146    141870
       203     51968   4849670    142572
       204     52224   4897428    143274
       205     52480   4945420    143976
       206     52736   4993646    144678
       207     52992   5042106    145380
       208     53248   5090800    146082
       209     53504   5139728    146784
       210     53760   5188890    147486
       211     54016   5238286    148188
       212     54272   5287916    148890
       213     54528   5337780    149592
       214     54784   5387878    150294
       215     55040   5438210    150996
       216     55296   5488776    151698
       217     55552   5539576    152400
       218     55808   5590610    153102
       219     56064   5641878    153804
       220     56320   5693380    154506
       221     56576   5745116    155208
       222     56832   5797086    155910
       223     57088   5849290    156612
       224     57344   5901728    157314
       225     57600   5954400    158016
       226     57856   6007306    158718
       227     58112   6060446    159420
       228     58368   6113820    160122
       229     58624   6167428    160824
       230     58880   6221270    161526
       231     59136   6275346    162228
       232     59392   6329656    162930
       233     59648   6384200    163632
       234     59904   6438978    164334
       235     60160   6493990    165036
       236     60416   6549236    165738
       237     60672   6604716    166440
       238     60928   6660430    167142
       239     61184   6716378    167844
       240     61440   6772560    168546
       241     61696   6828976    169248
       242     61952   6885626    169950
       243     62208   6942510    170652
       244     62464   6999628    171354
       245     62720   7056980    172056
       246     62976   7114566    172758
       247     63232   7172386    173460
       248     63488   7230440    174162
       249     63744   7288728    174864
       250     64000   7347250    175566
       251     64256   7406006    176268
       252     64512   7464996    176970
       253     64768   7524220    177672
       254     65024   7583678    178374
       255     65280   7643370    179076
       256     65536   7703296    359556
       257     65792   7763456    360960
       258     66048   7823850    362364
       259     66304   7884478    363768
       260     66560   7945340    365172
       261     66816   8006436    366576
       262     67072   8067766    367980
       263     67328   8129330    369384
       264     67584   8191128    370788
       265     67840   8253160    372192
       266     68096   8315426    373596
       267     68352   8377926    375000
       268     68608   8440660    376404
       269     68864   8503628    377808
       270     69120   8566830    379212
       271     69376   8630266    380616
       272     69632   8693936    382020
       273     69888   8757840    383424
       274     70144   8821978    384828
       275     70400   8886350    386232
       276     70656   8950956    387636
       277     70912   9015796    389040
       278     71168   9080870    390444
       279     71424   9146178    391848
       280     71680   9211720    393252
       281     71936   9277496    394656
       282     72192   9343506    396060
       283     72448   9409750    397464
       284     72704   9476228    398868
       285     72960   9542940    400272
       286     73216   9609886    401676
       287     73472   9677066    403080
       288     73728   9744480    404484
       289     73984   9812128    405888
       290     74240   9880010    407292
       291     74496   9948126    408696
       292     74752  10016476    410100
       293     75008  10085060    411504
       294     75264  10153878    412908
       295     75520  10222930    414312
       296     75776  10292216    415716
       297     76032  10361736    417120
       298     76288  10431490    418524
       299     76544  10501478    419928
       300     76800  10571700    421332
       301     77056  10642156    422736
       302     77312  10712846    424140
       303     77568  10783770    425544
       304     77824  10854928    426948
       305     78080  10926320    428352
       306     78336  10997946    429756
       307     78592  11069806    431160
       308     78848  11141900    432564
       309     79104  11214228    433968
       310     79360  11286790    435372
       311     79616  11359586    436776
       312     79872  11432616    438180
       313     80128  11505880    439584
       314     80384  11579378    440988
       315     80640  11653110    442392
       316     80896  11727076    443796
       317     81152  11801276    445200
       318     81408  11875710    446604
       319     81664  11950378    448008
       320     81920  12025280    449412
       321     82176  12100416    450816
       322     82432  12175786    452220
       323     82688  12251390    453624
       324     82944  12327228    455028
       325     83200  12403300    456432
       326     83456  12479606    457836
       327     83712  12556146    459240
       328     83968  12632920    460644
       329     84224  12709928    462048
       330     84480  12787170    463452
       331     84736  12864646    464856
       332     84992  12942356    466260
       333     85248  13020300    467664
       334     85504  13098478    469068
       335     85760  13176890    470472
       336     86016  13255536    471876
       337     86272  13334416    473280
       338     86528  13413530    474684
       339     86784  13492878    476088
       340     87040  13572460    477492
       341     87296  13652276    478896
       342     87552  13732326    480300
       343     87808  13812610    481704
       344     88064  13893128    483108
       345     88320  13973880    484512
       346     88576  14054866    485916
       347     88832  14136086    487320
       348     89088  14217540    488724
       349     89344  14299228    490128
       350     89600  14381150    491532
       351     89856  14463306    492936
       352     90112  14545696    494340
       353     90368  14628320    495744
       354     90624  14711178    497148
       355     90880  14794270    498552
       356     91136  14877596    499956
       357     91392  14961156    501360
       358     91648  15044950    502764
       359     91904  15128978    504168
       360     92160  15213240    505572
       361     92416  15297736    506976
       362     92672  15382466    508380
       363     92928  15467430    509784
       364     93184  15552628    511188
       365     93440  15638060    512592
       366     93696  15723726    513996
       367     93952  15809626    515400
       368     94208  15895760    516804
       369     94464  15982128    518208
       370     94720  16068730    519612
       371     94976  16155566    521016
       372     95232  16242636    522420
       373     95488  16329940    523824
       374     95744  16417478    525228
       375     96000  16505250    526632
       376     96256  16593256    528036
       377     96512  16681496    529440
       378     96768  16769970    530844
       379     97024  16858678    532248
       380     97280  16947620    533652
       381     97536  17036796    535056
       382     97792  17126206    536460
       383     98048  17215850    537864
       384     98304  17305728    539268
       385     98560  17395840    540672
       386     98816  17486186    542076
       387     99072  17576766    543480
       388     99328  17667580    544884
       389     99584  17758628    546288
       390     99840  17849910    547692
       391    100096  17941426    549096
       392    100352  18033176    550500
       393    100608  18125160    551904
       394    100864  18217378    553308
       395    101120  18309830    554712
       396    101376  18402516    556116
       397    101632  18495436    557520
       398    101888  18588590    558924
       399    102144  18681978    560328
       400    102400  18775600    561732
       401    102656  18869456    563136
       402    102912  18963546    564540
       403    103168  19057870    565944
       404    103424  19152428    567348
       405    103680  19247220    568752
       406    103936  19342246    570156
       407    104192  19437506    571560
       408    104448  19533000    572964
       409    104704  19628728    574368
       410    104960  19724690    575772
       411    105216  19820886    577176
       412    105472  19917316    578580
       413    105728  20013980    579984
       414    105984  20110878    581388
       415    106240  20208010    582792
       416    106496  20305376    584196
       417    106752  20402976    585600
       418    107008  20500810    587004
       419    107264  20598878    588408
       420    107520  20697180    589812
       421    107776  20795716    591216
       422    108032  20894486    592620
       423    108288  20993490    594024
       424    108544  21092728    595428
       425    108800  21192200    596832
       426    109056  21291906    598236
       427    109312  21391846    599640
       428    109568  21492020    601044
       429    109824  21592428    602448
       430    110080  21693070    603852
       431    110336  21793946    605256
       432    110592  21895056    606660
       433    110848  21996400    608064
       434    111104  22097978    609468
       435    111360  22199790    610872
       436    111616  22301836    612276
       437    111872  22404116    613680
       438    112128  22506630    615084
       439    112384  22609378    616488
       440    112640  22712360    617892
       441    112896  22815576    619296
       442    113152  22919026    620700
       443    113408  23022710    622104
       444    113664  23126628    623508
       445    113920  23230780    624912
       446    114176  23335166    626316
       447    114432  23439786    627720
       448    114688  23544640    629124
       449    114944  23649728    630528
       450    115200  23755050    631932
       451    115456  23860606    633336
       452    115712  23966396    634740
       453    115968  24072420    636144
       454    116224  24178678    637548
       455    116480  24285170    638952
       456    116736  24391896    640356
       457    116992  24498856    641760
       458    117248  24606050    643164
       459    117504  24713478    644568
       460    117760  24821140    645972
       461    118016  24929036    647376
       462    118272  25037166    648780
       463    118528  25145530    650184
       464    118784  25254128    651588
       465    119040  25362960    652992
       466    119296  25472026    654396
       467    119552  25581326    655800
       468    119808  25690860    657204
       469    120064  25800628    658608
       470    120320  25910630    660012
       471    120576  26020866    661416
       472    120832  26131336    662820
       473    121088  26242040    664224
       474    121344  26352978    665628
       475    121600  26464150    667032
       476    121856  26575556    668436
       477    122112  26687196    669840
       478    122368  26799070    671244
       479    122624  26911178    672648
       480    122880  27023520    674052
       481    123136  27136096    675456
       482    123392  27248906    676860
       483    123648  27361950    678264
       484    123904  27475228    679668
       485    124160  27588740    681072
       486    124416  27702486    682476
       487    124672  27816466    683880
       488    124928  27930680    685284
       489    125184  28045128    686688
       490    125440  28159810    688092
       491    125696  28274726    689496
       492    125952  28389876    690900
       493    126208  28505260    692304
       494    126464  28620878    693708
       495    126720  28736730    695112
       496    126976  28852816    696516
       497    127232  28969136    697920
       498    127488  29085690    699324
       499    127744  29202478    700728
       500    128000  29319500    702132
       501    128256  29436756    703536
       502    128512  29554246    704940
       503    128768  29671970    706344
       504    129024  29789928    707748
       505    129280  29908120    709152
       506    129536  30026546    710556
       507    129792  30145206    711960
       508    130048  30264100    713364
       509    130304  30383228    714768
       510    130560  30502590    716172
       511    130816  30622186    717576
       512    131072  30742016    718980
       513    131328  30862080    720384
       514    131584  30982378    721788
       515    131840  31102910    723192
       516    132096  31223676    724596
       517    132352  31344676    726000
       518    132608  31465910    727404
       519    132864  31587378    728808
       520    133120  31709080    730212
       521    133376  31831016    731616
       522    133632  31953186    733020
       523    133888  32075590    734424
       524    134144  32198228    735828
       525    134400  32321100    737232
       526    134656  32444206    738636
       527    134912  32567546    740040
       528    135168  32691120    741444
       529    135424  32814928    742848
       530    135680  32938970    744252
       531    135936  33063246    745656
       532    136192  33187756    747060
       533    136448  33312500    748464
       534    136704  33437478    749868
       535    136960  33562690    751272
       536    137216  33688136    752676
       537    137472  33813816    754080
       538    137728  33939730    755484
       539    137984  34065878    756888
       540    138240  34192260    758292
       541    138496  34318876    759696
       542    138752  34445726    761100
       543    139008  34572810    762504
       544    139264  34700128    763908
       545    139520  34827680    765312
       546    139776  34955466    766716
       547    140032  35083486    768120
       548    140288  35211740    769524
       549    140544  35340228    770928
       550    140800  35468950    772332
       551    141056  35597906    773736
       552    141312  35727096    775140
       553    141568  35856520    776544
       554    141824  35986178    777948
       555    142080  36116070    779352
       556    142336  36246196    780756
       557    142592  36376556    782160
       558    142848  36507150    783564
       559    143104  36637978    784968
       560    143360  36769040    786372
       561    143616  36900336    787776
       562    143872  37031866    789180
       563    144128  37163630    790584
       564    144384  37295628    791988
       565    144640  37427860    793392
       566    144896  37560326    794796
       567    145152  37693026    796200
       568    145408  37825960    797604
       569    145664  37959128    799008
       570    145920  38092530    800412
       571    146176  38226166    801816
       572    146432  38360036    803220
       573    146688  38494140    804624
       574    146944  38628478    806028
       575    147200  38763050    807432
       576    147456  38897856    808836
       577    147712  39032896    810240
       578    147968  39168170    811644
       579    148224  39303678    813048
       580    148480  39439420    814452
       581    148736  39575396    815856
       582    148992  39711606    817260
       583    149248  39848050    818664
       584    149504  39984728    820068
       585    149760  40121640    821472
       586    150016  40258786    822876
       587    150272  40396166    824280
       588    150528  40533780    825684
       589    150784  40671628    827088
       590    151040  40809710    828492
       591    151296  40948026    829896
       592    151552  41086576    831300
       593    151808  41225360    832704
       594    152064  41364378    834108
       595    152320  41503630    835512
       596    152576  41643116    836916
       597    152832  41782836    838320
       598    153088  41922790    839724
       599    153344  42062978    841128
       600    153600  42203400    842532
       601    153856  42344056    843936
       602    154112  42484946    845340
       603    154368  42626070    846744
       604    154624  42767428    848148
       605    154880  42909020    849552
       606    155136  43050846    850956
       607    155392  43192906    852360
       608    155648  43335200    853764
       609    155904  43477728    855168
       610    156160  43620490    856572
       611    156416  43763486    857976
       612    156672  43906716    859380
       613    156928  44050180    860784
       614    157184  44193878    862188
       615    157440  44337810    863592
       616    157696  44481976    864996
       617    157952  44626376    866400
       618    158208  44771010    867804
       619    158464  44915878    869208
       620    158720  45060980    870612
       621    158976  45206316    872016
       622    159232  45351886    873420
       623    159488  45497690    874824
       624    159744  45643728    876228
       625    160000  45790000    877632
       626    160256  45936506    879036
       627    160512  46083246    880440
       628    160768  46230220    881844
       629    161024  46377428    883248
       630    161280  46524870    884652
       631    161536  46672546    886056
       632    161792  46820456    887460
       633    162048  46968600    888864
       634    162304  47116978    890268
       635    162560  47265590    891672
       636    162816  47414436    893076
       637    163072  47563516    894480
       638    163328  47712830    895884
       639    163584  47862378    897288
       640    163840  48012160    898692
       641    164096  48162176    900096
       642    164352  48312426    901500
       643    164608  48462910    902904
       644    164864  48613628    904308
       645    165120  48764580    905712
       646    165376  48915766    907116
       647    165632  49067186    908520
       648    165888  49218840    909924
       649    166144  49370728    911328
       650    166400  49522850    912732
       651    166656  49675206    914136
       652    166912  49827796    915540
       653    167168  49980620    916944
       654    167424  50133678    918348
       655    167680  50286970    919752
       656    167936  50440496    921156
       657    168192  50594256    922560
       658    168448  50748250    923964
       659    168704  50902478    925368
       660    168960  51056940    926772
       661    169216  51211636    928176
       662    169472  51366566    929580
       663    169728  51521730    930984
       664    169984  51677128    932388
       665    170240  51832760    933792
       666    170496  51988626    935196
       667    170752  52144726    936600
       668    171008  52301060    938004
       669    171264  52457628    939408
       670    171520  52614430    940812
       671    171776  52771466    942216
       672    172032  52928736    943620
       673    172288  53086240    945024
       674    172544  53243978    946428
       675    172800  53401950    947832
       676    173056  53560156    949236
       677    173312  53718596    950640
       678    173568  53877270    952044
       679    173824  54036178    953448
       680    174080  54195320    954852
       681    174336  54354696    956256
       682    174592  54514306    957660
       683    174848  54674150    959064
       684    175104  54834228    960468
       685    175360  54994540    961872
       686    175616  55155086    963276
       687    175872  55315866    964680
       688    176128  55476880    966084
       689    176384  55638128    967488
       690    176640  55799610    968892
       691    176896  55961326    970296
       692    177152  56123276    971700
       693    177408  56285460    973104
       694    177664  56447878    974508
       695    177920  56610530    975912
       696    178176  56773416    977316
       697    178432  56936536    978720
       698    178688  57099890    980124
       699    178944  57263478    981528
       700    179200  57427300    982932
       701    179456  57591356    984336
       702    179712  57755646    985740
       703    179968  57920170    987144
       704    180224  58084928    988548
       705    180480  58249920    989952
       706    180736  58415146    991356
       707    180992  58580606    992760
       708    181248  58746300    994164
       709    181504  58912228    995568
       710    181760  59078390    996972
       711    182016  59244786    998376
       712    182272  59411416    999780
       713    182528  59578280   1001184
       714    182784  59745378   1002588
       715    183040  59912710   1003992
       716    183296  60080276   1005396
       717    183552  60248076   1006800
       718    183808  60416110   1008204
       719    184064  60584378   1009608
       720    184320  60752880   1011012
       721    184576  60921616   1012416
       722    184832  61090586   1013820
       723    185088  61259790   1015224
       724    185344  61429228   1016628
       725    185600  61598900   1018032
       726    185856  61768806   1019436
       727    186112  61938946   1020840
       728    186368  62109320   1022244
       729    186624  62279928   1023648
       730    186880  62450770   1025052
       731    187136  62621846   1026456
       732    187392  62793156   1027860
       733    187648  62964700   1029264
       734    187904  63136478   1030668
       735    188160  63308490   1032072
       736    188416  63480736   1033476
       737    188672  63653216   1034880
       738    188928  63825930   1036284
       739    189184  63998878   1037688
       740    189440  64172060   1039092
       741    189696  64345476   1040496
       742    189952  64519126   1041900
       743    190208  64693010   1043304
       744    190464  64867128   1044708
       745    190720  65041480   1046112
       746    190976  65216066   1047516
       747    191232  65390886   1048920
       748    191488  65565940   1050324
       749    191744  65741228   1051728
       750    192000  65916750   1053132
       751    192256  66092506   1054536
       752    192512  66268496   1055940
       753    192768  66444720   1057344
       754    193024  66621178   1058748
       755    193280  66797870   1060152
       756    193536  66974796   1061556
       757    193792  67151956   1062960
       758    194048  67329350   1064364
       759    194304  67506978   1065768
       760    194560  67684840   1067172
       761    194816  67862936   1068576
       762    195072  68041266   1069980
       763    195328  68219830   1071384
       764    195584  68398628   1072788
       765    195840  68577660   1074192
       766    196096  68756926   1075596
       767    196352  68936426   1077000
       768    196608  69116160   1078404
       769    196864  69296128   1079808
       770    197120  69476330   1081212
       771    197376  69656766   1082616
       772    197632  69837436   1084020
       773    197888  70018340   1085424
       774    198144  70199478   1086828
       775    198400  70380850   1088232
       776    198656  70562456   1089636
       777    198912  70744296   1091040
       778    199168  70926370   1092444
       779    199424  71108678   1093848
       780    199680  71291220   1095252
       781    199936  71473996   1096656
       782    200192  71657006   1098060
       783    200448  71840250   1099464
       784    200704  72023728   1100868
       785    200960  72207440   1102272
       786    201216  72391386   1103676
       787    201472  72575566   1105080
       788    201728  72759980   1106484
       789    201984  72944628   1107888
       790    202240  73129510   1109292
       791    202496  73314626   1110696
       792    202752  73499976   1112100
       793    203008  73685560   1113504
       794    203264  73871378   1114908
       795    203520  74057430   1116312
       796    203776  74243716   1117716
       797    204032  74430236   1119120
       798    204288  74616990   1120524
       799    204544  74803978   1121928
       800    204800  74991200   1123332
       801    205056  75178656   1124736
       802    205312  75366346   1126140
       803    205568  75554270   1127544
       804    205824  75742428   1128948
       805    206080  75930820   1130352
       806    206336  76119446   1131756
       807    206592  76308306   1133160
       808    206848  76497400   1134564
       809    207104  76686728   1135968
       810    207360  76876290   1137372
       811    207616  77066086   1138776
       812    207872  77256116   1140180
       813    208128  77446380   1141584
       814    208384  77636878   1142988
       815    208640  77827610   1144392
       816    208896  78018576   1145796
       817    209152  78209776   1147200
       818    209408  78401210   1148604
       819    209664  78592878   1150008
       820    209920  78784780   1151412
       821    210176  78976916   1152816
       822    210432  79169286   1154220
       823    210688  79361890   1155624
       824    210944  79554728   1157028
       825    211200  79747800   1158432
       826    211456  79941106   1159836
       827    211712  80134646   1161240
       828    211968  80328420   1162644
       829    212224  80522428   1164048
       830    212480  80716670   1165452
       831    212736  80911146   1166856
       832    212992  81105856   1168260
       833    213248  81300800   1169664
       834    213504  81495978   1171068
       835    213760  81691390   1172472
       836    214016  81887036   1173876
       837    214272  82082916   1175280
       838    214528  82279030   1176684
       839    214784  82475378   1178088
       840    215040  82671960   1179492
       841    215296  82868776   1180896
       842    215552  83065826   1182300
       843    215808  83263110   1183704
       844    216064  83460628   1185108
       845    216320  83658380   1186512
       846    216576  83856366   1187916
       847    216832  84054586   1189320
       848    217088  84253040   1190724
       849    217344  84451728   1192128
       850    217600  84650650   1193532
       851    217856  84849806   1194936
       852    218112  85049196   1196340
       853    218368  85248820   1197744
       854    218624  85448678   1199148
       855    218880  85648770   1200552
       856    219136  85849096   1201956
       857    219392  86049656   1203360
       858    219648  86250450   1204764
       859    219904  86451478   1206168
       860    220160  86652740   1207572
       861    220416  86854236   1208976
       862    220672  87055966   1210380
       863    220928  87257930   1211784
       864    221184  87460128   1213188
       865    221440  87662560   1214592
       866    221696  87865226   1215996
       867    221952  88068126   1217400
       868    222208  88271260   1218804
       869    222464  88474628   1220208
       870    222720  88678230   1221612
       871    222976  88882066   1223016
       872    223232  89086136   1224420
       873    223488  89290440   1225824
       874    223744  89494978   1227228
       875    224000  89699750   1228632
       876    224256  89904756   1230036
       877    224512  90109996   1231440
       878    224768  90315470   1232844
       879    225024  90521178   1234248
       880    225280  90727120   1235652
       881    225536  90933296   1237056
       882    225792  91139706   1238460
       883    226048  91346350   1239864
       884    226304  91553228   1241268
       885    226560  91760340   1242672
       886    226816  91967686   1244076
       887    227072  92175266   1245480
       888    227328  92383080   1246884
       889    227584  92591128   1248288
       890    227840  92799410   1249692
       891    228096  93007926   1251096
       892    228352  93216676   1252500
       893    228608  93425660   1253904
       894    228864  93634878   1255308
       895    229120  93844330   1256712
       896    229376  94054016   1258116
       897    229632  94263936   1259520
       898    229888  94474090   1260924
       899    230144  94684478   1262328
       900    230400  94895100   1263732
       901    230656  95105956   1265136
       902    230912  95317046   1266540
       903    231168  95528370   1267944
       904    231424  95739928   1269348
       905    231680  95951720   1270752
       906    231936  96163746   1272156
       907    232192  96376006   1273560
       908    232448  96588500   1274964
       909    232704  96801228   1276368
       910    232960  97014190   1277772
       911    233216  97227386   1279176
       912    233472  97440816   1280580
       913    233728  97654480   1281984
       914    233984  97868378   1283388
       915    234240  98082510   1284792
       916    234496  98296876   1286196
       917    234752  98511476   1287600
       918    235008  98726310   1289004
       919    235264  98941378   1290408
       920    235520  99156680   1291812
       921    235776  99372216   1293216
       922    236032  99587986   1294620
       923    236288  99803990   1296024
       924    236544 100020228   1297428
       925    236800 100236700   1298832
       926    237056 100453406   1300236
       927    237312 100670346   1301640
       928    237568 100887520   1303044
       929    237824 101104928   1304448
       930    238080 101322570   1305852
       931    238336 101540446   1307256
       932    238592 101758556   1308660
       933    238848 101976900   1310064
       934    239104 102195478   1311468
       935    239360 102414290   1312872
       936    239616 102633336   1314276
       937    239872 102852616   1315680
       938    240128 103072130   1317084
       939    240384 103291878   1318488
       940    240640 103511860   1319892
       941    240896 103732076   1321296
       942    241152 103952526   1322700
       943    241408 104173210   1324104
       944    241664 104394128   1325508
       945    241920 104615280   1326912
       946    242176 104836666   1328316
       947    242432 105058286   1329720
       948    242688 105280140   1331124
       949    242944 105502228   1332528
       950    243200 105724550   1333932
       951    243456 105947106   1335336
       952    243712 106169896   1336740
       953    243968 106392920   1338144
       954    244224 106616178   1339548
       955    244480 106839670   1340952
       956    244736 107063396   1342356
       957    244992 107287356   1343760
       958    245248 107511550   1345164
       959    245504 107735978   1346568
       960    245760 107960640   1347972
       961    246016 108185536   1349376
       962    246272 108410666   1350780
       963    246528 108636030   1352184
       964    246784 108861628   1353588
       965    247040 109087460   1354992
       966    247296 109313526   1356396
       967    247552 109539826   1357800
       968    247808 109766360   1359204
       969    248064 109993128   1360608
       970    248320 110220130   1362012
       971    248576 110447366   1363416
       972    248832 110674836   1364820
       973    249088 110902540   1366224
       974    249344 111130478   1367628
       975    249600 111358650   1369032
       976    249856 111587056   1370436
       977    250112 111815696   1371840
       978    250368 112044570   1373244
       979    250624 112273678   1374648
       980    250880 112503020   1376052
       981    251136 112732596   1377456
       982    251392 112962406   1378860
       983    251648 113192450   1380264
       984    251904 113422728   1381668
       985    252160 113653240   1383072
       986    252416 113883986   1384476
       987    252672 114114966   1385880
       988    252928 114346180   1387284
       989    253184 114577628   1388688
       990    253440 114809310   1390092
       991    253696 115041226   1391496
       992    253952 115273376   1392900
       993    254208 115505760   1394304
       994    254464 115738378   1395708
       995    254720 115971230   1397112
       996    254976 116204316   1398516
       997    255232 116437636   1399920
       998    255488 116671190   1401324
       999    255744 116904978   1402728
      1000    256000 117139000   1404132
      1001    256256 117373256   1405536
      1002    256512 117607746   1406940
      1003    256768 117842470   1408344
      1004    257024 118077428   1409748
      1005    257280 118312620   1411152
      1006    257536 118548046   1412556
      1007    257792 118783706   1413960
      1008    258048 119019600   1415364
      1009    258304 119255728   1416768
      1010    258560 119492090   1418172
      1011    258816 119728686   1419576
      1012    259072 119965516   1420980
      1013    259328 120202580   1422384
      1014    259584 120439878   1423788
      1015    259840 120677410   1425192
      1016    260096 120915176   1426596
      1017    260352 121153176   1428000
      1018    260608 121391410   1429404
      1019    260864 121629878   1430808
      1020    261120 121868580   1432212
      1021    261376 122107516   1433616
      1022    261632 122346686   1435020
      1023    261888 122586090   1436424
      1024    262144 122825728   1437828
